Algeria/220/202/96/950,951,952,953,963,964,967,969,971,995
Anhalt/203/93/124/304
Austria/236/236/236/220,221,222,223,224,225,226,227,228,229,230,231,232,265,266,267,268,269,270,271,272,273,274,275,276,277,278,358,359,360,361,362,363,364,365,366,367,402,404,405,406,407,408,409,410,411,412,413,414,415,416,417,418,419,420,421,422,423,424,427,428,429,430,431,432,433,434,435,436,437,438,439,440,448,449,450,463,491,492,493,494,495,496,497,498,499,500,501,502,503,511,512,513,514,515,516
Baden/117/161/67/349,350,351,352
Bavaria/121/175/235/338,340,341,342,343,344,345,346,347,348
Belgium/111/88/87/128,129,130,131,132,133,134,135,136,137,138
Braunschweig/116/92/39/302
Bremen/33/101/137/293
Bukhara/147/82/173/815
Denmark/172/70/66/279,368,369,370,371,372,372,373,374,654,696,697
Egypt/255/205/155/601,602,631,634,635,636,876,878,880,881,882,883,884,885,886,887,888,889,890,891,892,893,894,895,896,897,898,899,900,901,902,903,904,905,906,907,908,909,910,911,912,913,914,915,916,917,918,919,920,921,922,923,924,925,926,927,994
France/20/50/210/52,53,54,55,56,57,58,60,61,62,63,64,65,66,67,68,69,70,71,72,73,74,75,76,77,78,79,80,81,82,83,84,85,86,87,88,89,90,91,92,93,94,95,96,97,98,99,100,101,104,105,106,107,108,109,110,111,112,113,114,115,116,117,118,119,120,121,122,123,124,125,243,949,965,966,968,970
Frankfurt am Main/243/201/33/332
Greece/122/180/210/591,593,594,595,596,597,598,599,600,651
Hamburg/104/148/71/281
Hannover/164/217/127/290,294,295,298,299,300,301,312
Hesse-Darmstadt/114/171/184/331,337,339
Hesse-Kassel/48/169/96/321,333
Holstein/220/150/158/280,282
Ionian Islands/153/141/117/576,592
Khiva/188/123/103/813,814,816,819
Kokkand/119/130/145/812
Krakow/138/193/231/403
Lippe-Detmold/103/62/185/311
Lübeck/48/164/51/283
Lucca/146/108/146/238
Luxembourg/53/140/73/127
Mecklenburg/207/111/64/284,287
Modena/241/252/151/234,235
Moldavia/136/157/23/504,505,506,507
Montenegro/39/108/140/462
Morocco/224/146/113/972,973,974,976,978,977,979,980,981,982,983,984,985,986,987,988,989,990,991,992
Nassau/107/94/169/330
Netherlands/220/138/57/139,140,141,142,143,144,145,146,147,148,149,150
Oldenburg/147/130/118/291,297
Ottoman Empire/170/206/162/441,442,443,444,445,446,447,452,452,453,454,455,456,457,458,459,460,461,464,465,466,467,468,469,470,471,472,473,474,475,476,477,478,479,480,481,482,489,490,577,578,579,580,581,582,583,584,585,586,587,588,589,590,603,604,605,606,607,608,609,610,611,612,613,614,615,616,617,618,619,620,621,622,623,624,625,626,627,628,629,630,632,633,637,638,639,640,641,642,643,644,645,646,647,648,649,650,701,863,864,865,866,867,868,869,870,871,872,873,874,875,879,928,929,930,935,936,937
Papal States/211/220/178/236,237,240,247,248,249,250
Parma/128/202/129/233
Persia/229/170/87/820,821,822,823,824,825,826,827,828,829,830,831,832,833,834,835,836,837,838,839,840,841,842,843,844,845,846,847,848,849,850,851,852,853,854,855,856,857,858,859,860,861,862
Portugal/57/160/101/195,196,197,198,199,200,201,202,203,204,877
Prussia/244/232/109/285,286,288,289,296,303,305,306,307,308,309,310,313,315,322,323,324,325,326,327,328,329,334,335,336,356,375,376,377,378,379,380,381,382,383,385,386,387,388,389,390,425,426,553,571,572
Russia/119/181/88/384,391,392,393,394,395,396,397,398,399,400,401,508,509,510,517,518,519,520,521,522,523,524,525,526,527,528,529,530,531,532,533,534,535,536,537,538,539,540,541,542,543,544,545,546,547,548,549,550,551,552,553,554,555,556,557,558,559,560,561,562,563,564,565,566,567,568,569,570,571,572,573,574,575,684,685,686,687,688,689,690,691,692,693,694,695,699,700,702,703,704,705,706,707,708,709,710,711,712,713,714,715,716,717,718,719,720,721,722,723,724,725,726,727,728,729,730,731,732,733,734,735,736,737,738,739,740,741,742,743,744,745,746,747,748,749,750,751,752,753,754,755,756,757,758,759,760,761,762,763,764,765,766,767,768,769,770,771,772,773,774,775,776,777,778,779,780,781,782,783,784,785,786,787,788,789,790,791,792,793,794,795,796,797,798,799,800,801,802,803,804,805,806,807,808,809,811
Sardinia-Piedmont/117/146/167/102,103,126,214,215,216,217,218,219,244,245
Saxe-Coburg-Gotha/180/137/148/319
Saxe-Meiningen/144/181/106/320
Saxe-Weimar/209/212/126/318
Saxony/155/147/180/314,316,317
Serbia/166/72/57/451,452,453,454
Spain/231/181/12/151,152,153,154,155,156,157,158,159,160,161,162,163,164,165,166,167,168,169,170,171,172,173,174,175,176,177,178,179,180,181,182,183,184,185,186,187,188,189,190,191,192,193,975,993
Sweden/87/130/199/652,653,655,656,657,658,659,660,661,662,663,664,665,666,667,668,669,670,671,672,673,674,675,676,677,678,679,680,681,682,683,698
Switzerland/153/122/108/205,206,207,208,209,210,211,212,213
Tripoli/180/137/148/938,939,940,941,942
Tunis/131/101/85/943,944,945,946,947,948
Tuscany/84/96/136/239,241,242,246
Two Sicilies/73/152/76/251,252,253,254,255,256,257,258,259,260,261,262,263
United Kingdom/209/66/58/1,2,3,4,5,6,7,8,9,10,11,12,13,14,15,16,17,18,19,20,21,22,23,24,25,26,27,28,29,30,31,32,33,34,35,36,37,38,39,40,41,42,43,44,45,46,47,48,49,50,51,59,194,264,292
Wallachia/161/126/128/483,484,485,486,487,488
Württemberg/111/162/128/353,354,355,357