Aachen/157/51/167/197
Adal/180/137/148/608,609,610,611,612
Alençon/162/116/225/57
Algiers/220/202/96/438,439,440,441,442,443,444,445
Anhalt/203/93/124/218
Ansbach/120/77/119/189
Aquileia/34/30/174/163,164,165,166
Aragon/166/68/72/95,96,97,98,99,100,101,102
Armagnac/154/182/242/81,84
Ashanti/97/98/195/553
Assam/163/5/77/727,728,729,730,731
Augsburg/20/188/131/179
Austria/220/220/220/73,167,168,169,170,171,172,174,175,176
Auvergne/81/122/125/67,79
Avignon/205/178/107/86
Baden/117/161/67/185,186
Bar/168/40/110/63
Bavaria/178/163/143/177,178,180,181
Bengal/36/109/194/721,722,723,724,725,726
Benin/110/173/129/571
Berry/85/65/215/68
Bihar/100/94/125/690,691,692,740
Bohemia/161/139/40/231,232,233,235,236,237,238
Bourbonnais/120/148/140/78
Bosnia/240/167/130/251,252
Brabant/118/193/153/40,41,42
Brandenburg/123/90/90/224,225,226,227
Bremen/33/101/137/208
Brittany/118/99/151/51,52,53,54
Brunswick/116/92/39/209,210
Burgundy/148/30/70/30,31,32,33,35,36,37,69,70,71,72
Byzantium/147/82/173/262,269
Candar/114/70/103/392,398
Castille/193/171/8/103,104,105,106,107,108,109,110,111,112,113,114,115,116,120,121,122
Ceylon/60/123/65/715,716
Chagatai/87/92/104/677,678,679,680,681,682
Cleves/173/176/113/199
Cologne/84/124/48/198,203
Connaught/193/237/85/2
Corfu/211/172/185/257
Cyprus/78/75/39/408
Deccan/49/175/191/697,698,699,700,701,702,703
Delhi/157/200/42/663,664,665,666,667,668,669,670,671,672,673,674
Denmark/190/70/70/279,280,281,282,283
Dulkadir/204/119/31/394
Elsace/246/223/15/66
England/193/26/14/3,12,13,14,15,16,17,18,19,20,21,22,23,24,25,26,27,28,29,74,75
Epirus/166/196/10/258
Ethiopia/56/120/191/600,601,602,603,604,605,606,607
Ferrara/192/102/151/143
Foix/105/106/182/82
France/20/50/210/49,50,58,59,61,62,76,77,80,83,85,87
Frankfurt/243/201/33/193
Friesland/165/89/27/47
Gelre/139/66/97/46
Genoa/218/215/56/146,152,382,383
Georgia/36/132/247/386,387,388,485,486
Golden Horde/193/179/127/374,375,376,377,378,379,380,381,384,385,517,518,519,520,523,524,525,526,527,528,529,530,617,618,619,620,621,622
Gondwana/133/156/174/693,694,695
Granada/194/205/83/117,118,119
Gujarat/231/224/107/652,653,654,655
Haasa/178/103/5/476
Hainaut/103/62/185/34
Hausa/48/169/96/573,574,575,576,577,588,589
Hedjaz/83/167/56/457,458,459,460
Hesse/114/171/184/200,201,202
Holland/156/96/100/43,44
Holstein/220/150/158/213,214
Hungary/152/85/92/239,240,241,242,243,244,245,246,247,248,249,250
Jalayirids/79/89/182/479,480,481,482,483,484
Kanem Bornu/30/131/162/578,579,580,581,582
Karaman/153/141/117/405,406,407
Kashmir/63/150/30/675,676
Kazakh/112/194/63/623,624,625,626,627,628,629,630
Khandesh/138/151/103/696
Leinster/48/164/51/4
Liege/149/186/37/38,39
Lithuania/154/69/116/346,347,348,349,350,351,352,353,354,355,356,357,358,359,360,361
Lorraine/115/142/205/64,65
Lüneburg/135/109/147/211
Luxembourg/53/140/73/48
Magdeburg/189/115/99/217
Mainz/178/145/87/194
Maldive/79/166/103/714
Mali/215/135/125/538,539,541,543,544,545,546,551,554,557,558
Mamluks/188/166/93/409,410,411,412,413,414,415,416,417,418,419,420,421,422,423,424,425,426,427,428,429,430,431
Manipur/149/191/117/732
Mantua/191/83/101/144
Mazovia/195/149/155/339
Mecklenburg/55/140/143/223
Meissen/58/174/61/222
Milan/146/108/146/137,138,139,140,145,151,154
Modena/241/252/151/147
Moldavia/136/157/23/277,278
Montenegro/39/108/140/256
Morea/255/213/51/259
Morocco/224/146/113/446,447,448,449,450,451,452,453,454,455,456
Munster/104/137/140/5
Münster/205/103/80/204,205
Muscovy/206/181/97/344,362,366,367,368,369
Mysore/184/193/89/711
Najd/175/122/10/472,473,474,475,477,478
Naples/160/30/154/157,158,159,160
Navarra/252/233/58/94
Naxos/107/94/169/261
Nepal/137/183/124/688,689
Nogai/144/181/106/512,513,514,515,516
Norway/117/165/188/6,291,292,293,294,295,298,299,300,301,531,532
Novgorod/97/126/37/312,313,314,315,319,320,321,322,370,371,372,373,521,522
Oirat Horde/204/184/177/683,684,685,686,687
Oldenburg/147/130/118/206
Oman/98/134/153/467,468,469,470,471
Orissa/210/106/47/717,718,719,720
Orleans/111/122/184/60
Ottomans/126/203/120/264,265,266,267,268,270,271,272,393,396,397,399,400,401,402,403
Oyo/211/184/179/569,570
Papal States/211/220/178/148,156
Poland/197/92/106/335,336,337,338,340,341,342,343,345
Pommerania/61/136/66/228,229,230
Portugal/57/160/101/123,124,125,126,127,128,129
Provence/93/160/163/55,56,88
Pskov/82/123/95/323
Qara Koyunlu/116/153/8/487,488,489,490,491,492
Ragusa/202/112/85/253
Rajputana/119/151/122/656,657,658,659,660,661,662
Ramazan/138/126/53/395
Riga/183/176/194/328
Ryazan/146/134/77/363,364,365
Salzburg/149/119/9/173
Sardinia/117/146/167/153
Savoy/235/196/231/89,90,91,92
Saxe-Lauenburg/79/139/99/216
Saxony/155/147/180/221
Scotland/199/175/12/7,8,9,10,11,93
Serbia/166/72/57/254,255
Sicily/73/152/76/150,161,162
Silesia/84/166/93/234
Sind/135/104/85/649,650,651
Songhai/62/175/151/562,563,564
Sweden/8/82/165/284,285,287,288,289,290,296,297,303,305,307,308,309,310,311
Switzerland/153/122/108/130,131,132,133,134,135,136
The Hansa/156/179/189/207,212,215
The Knights/106/127/183/404
The Palatinate/57/151/142/187,188,190
Thuringia/146/155/156/219,220
Timurids/213/0/39/389,390,493,494,495,496,497,498,499,500,501,502,503,504,505,506,507,508,509,510,511,631,632,633,634,635,636,637,638,639,640,641,642,643,644,645,646,647,648
Transylvania/211/207/173/275,276
Trebizond/40/164/157/391
Trier/208/104/44/195,196
Teutonic Order/102/105/104/286,324,325,326,327,329,330,331,332,333,334
Travancore/134/166/117/712,713
Tripoli/129/204/96/432,433,434
Tunisia/146/134/57/435,436,437
Tuscany/84/96/136/149
Tver/136/158/183/317,318
Tyrone/131/101/85/1
Ulm/202/202/202/182
Urbino/61/152/180/155
Utrecht/223/198/64/45
Venice/54/167/156/141,142,260,263,306
Vijayanagar/166/189/199/704,705,706,707,708,709,710
Wallachia/161/126/128/273,274
Wurttemberg/111/162/128/183,184
Wurzburg/147/146/106/191,192
Yaroslavl/131/141/142/316
Yemen/213/155/81/461,462,463,464,465,466,614
